z <- 7

seq1 <- 1:10


z / seq1